+22674336712
+22677967312
+22675832908
+22676030748
+22667962235
+22676633559
+22676174894
+22677619099
+22675995291
+22677875959
+22677378474
+22676508117
+22675035566
+22665296105
+22676660182
+22677413629
+22675315486
+22677799076
+22664168148
+22674330112
+22676362414
+22676362054
+22674780834
+22675983940
+22677990386
+22677384310
+22677347284
+22676762340
+22664970678
+22666645173
+22674100995
+22667219828
+22665238121
+22665290527
+22676075872
+22664868308
+22677422392
+22675763557
+22674109336
+22666868116
+22677733048
+22674075832
+22665962858
+22667018442
+22664100007
+22655588598
+22675145347
+22664748797
+22607260858
+22667199226
+22674397724
+22656303235
+22674292286
+22655708891
+22656148107
+22675061369
+22674967498
+22667260444
+22607761350
+22666674664
+22675443258
+22655010477
+22657458393
+22676252102
+22674380315
+22664358491
+22676533353
+22675538156
+22676725269
+22666198297
+22677537391
+22656843798
+22675409766
+22656190134
+22676960183
+22676252753
+22665033576
+22677898324
+22655595264
+22664418482
+22654419479
+22665331986
+22666925044
+22676753107
+22674620197
+22666983012
+22656933264
+22654732558
+22607557738
+22667838842
+22665331230
+22656404836
+22657752383
+22655990320
+22667991904
+22665155748
+22664658260
+22675473610
+22654406017
+22654607993
+22677889007
+22667014558
+22675152273
+22674833865
+22677576917
+22655422896
+22675523834
+22654622274
+22674020621
+22657640375
+22656697568
+22654560939
+22656462728
+22664136845
+22666257867
+22677404879
+22676748501
+22677643215
+22674750153
+22656984108
+22677566792
+22677465348
+22605397502
+22605333797
+22665017085
+22677168883
+22675022638
+22657414862
+22654829328
+22607017699
+22656509733
+22664374489
+22677382149
+22665960762
+22657522575
+22676882574
+22667413656
+22667922162
+22676387681
+22655515835
+22656009515
+22655445448
+22657120011
+22674100831
+22674365074
+22677704480
+22607567404
+22664345544
+22677884617
+22665510779
+22657117773
+22655553539
+22607995596
+22654371426
+22674278759
+22656315256
+22665102861
+22665981762
+22656558984
+22676723925
+22607720977
+22677422135
+22665951585
+22606896657
+22666817723
+22677282007
+22667729408
+22675782287
+22675077536
+22675906752
+22665317724
+22676987198
+22655062814
+22677654401
+22675852566
+22656308014
+22607293153
+22607241980
+22664725693
+22655039272
+22667252566
+22664636470
+22677482266
+22674393762
+22664934817
+22655550578
+22674427130
+22657560904
+22656334349
+22666971573
+22607493523
+22656471465
+22656480984
+22665640556
+22675883100
+22666192955
+22606802266
+22605021989
+22665275622
+22675925029
+22675884207
+22664728668
+22677811755
+22657948101
+22667147448
+22674441658
+22665609888
+22656518738
+22667227430
+22665196494
+22655269266
+22657644060
+22667735305
+22654074134
+22664831630
+22665386351
+22654377306
+22664597217
+22667859506
+22664973436
+22654032732
+22657169440
+22667285184
+22677039715
+22675142615
+22667269011
+22665127610
+22607640550
+22666195902
+22666087489
+22675676486
+22675404086
+22667257600
+22666594351
+22664342328
+22654933969
+22664771022
+22607785601
+22657662739
+22655671484
+22675291812
+22676683825
+22655789218
+22666022359
+22655671020
+22656856059
+22606342761
+22677828450
+22654441043
+22655090247
+22605016754
+22675108582
+22674325669
+22656608666
+22676065211
+22655658045
+22605403791
+22674225928
+22657896090
+22675214259
+22674128917
+22666563237
+22607815057
+22664757523
+22665444578
+22674529896
+22606919664
+22667971732
+22665621313
+22656428047
+22654964695
+22656126629
+22677695479
+22665991317
+22667709351
+22674313203
+22607979043
+22664441989
+22655639056
+22677788146
+22657743740
+22655890786
+22677863523
+22677341730
+22607992949
+22665511987
+22674377928
+22657160417
+22664155161
+22664618851
+22654765857
+22656089723
+22656505533
+22674452054
+22654408634
+22655371946
+22676792031
+22655538459
+22606643381
+22664951849
+22607360684
+22657188199
+22656663981
+22677051342
+22677500523
+22655730585
+22667363195
+22655437838
+22667181389
+22665560519
+22674579096
+22657314754
+22667608221
+22667655871
+22667388100
+22654895553
+22666977637
+22674817720
+22674053789
+22607221681
+22664125566
+22667811246
+22674496074
+22677907028
+22667453355
+22656218797
+22666613135
+22665828206
+22667841548
+22675969590
+22606153942
+22674026593
+22677855191
+22607634776
+22665593962
+22675201179
+22665404420
+22677762960
+22677055760
+22675128485
+22674229518
+22657878071
+22676217901
+22654138408
+22656335438
+22666953133
+22657380768
+22676445267
+22667097409
+22664900251
+22666720850
+22656996835
+22665177602
+22674343332
+22607135264
+22677718611
+22667995144
+22657991226
+22657367235
+22675191589
+22655548182
+22657291050
+22654253266
+22656598433
+22666280559
+22656313221
+22605614413
+22674683802
+22657389843
+22676062352
+22656527257
+22674402582
+22657215028
+22606825713
+22657510208
+22605156933
+22666182359
+22664064274
+22657807712
+22656429182
+22656041931
+22664234951
+22674783633
+22667285165
+22656998936
+22657660778
+22667746406
+22674460553
+22675685508
+22667885352
+22607263036
+22675707322
+22657141000
+22655595211
+22664974578
+22655752411
+22606614959
+22657379078
+22656855724
+22657539317
+22607429088
+22674389265
+22605389095
+22657464785
+22607632672
+22674662622
+22657711465
+22605616940
+22674119588
+22607148429
+22667324317
+22674994519
+22676379918
+22665132404
+22675885752
+22674641501
+22605343230
+22677035336
+22657127935
+22676386850
+22675405463
+22667643133
+22665210229
+22665719858
+22667814281
+22607410287
+22667481815
+22654326995
+22664168023
+22656889333
+22675763360
+22654425856
+22666646164
+22677404424
+22666738000
+22664731527
+22677410039
+22666125808
+22657661033
+22674870774
+22655244727
+22654444081
+22676628099
+22674524738
+22664837822
+22655285042
+22657950821
+22674750996
+22656096541
+22665215336
+22674397138
+22674131244
+22655063858
+22654310846
+22656683720
+22666366620
+22676604776
+22676998500
+22656234301
+22675426712
+22607525874
+22675183834
+22677551536
+22664407871
+22675866825
+22677510931
+22674798232
+22654950119
+22664842842
+22674653654
+22654424930
+22664001202
+22677472179
+22667186464
+22657202747
+22665195288
+22665818957
+22664059286
+22674721747
+22674459045
+22664559715
+22666245249
+22655995151
+22664476614
+22656870947
+22664836124
+22675441463
+22667140654
+22667243995
+22607619423
+22667828701
+22675984437
+22664083461
+22664851116
+22664986054
+22605738272
+22677451459
+22654016883
+22667438804
+22655589979
+22666487862
+22674563863
+22666221686
+22655422772
+22656761136
+22606580198
+22654541157
+22657968101
+22674699014
+22667934358
+22664208898
+22664744129
+22606072560
+22674698733
+22655640037
+22665568720
+22607909084
+22667369492
+22674219112
+22664472736
+22677428421
+22665351984
+22657472629
+22674928741
+22665771554
+22666261916
+22674949998
+22655490191
+22676740844
+22607551959
+22667335564
+22666420792
+22607601717
+22675753523
+22607889337
+22656989130
+22676599849
+22676530408
+22664206840
+22657211632
+22674656652
+22674495944
+22676415292
+22677329664
+22674376055
+22666365581
+22677744253
+22677793156
+22667724969
+22664643378
+22666639847
+22674147660
+22606954169
+22607708479
+22654091186
+22657318181
+22655879494
+22664775621
+22664372686
+22656022914
+22675883428
+22667433790
+22605088923
+22677614946
+22675689252
+22607039866
+22664456574
+22656178354
+22664772988
+22654741720
+22675201362
+22656748304
+22607103455
+22677465731
+22677796554
+22665379711
+22656079177
+22654670235
+22674505274
+22664832497
+22656957702
+22607753004
+22655000886
+22674480635
+22674759894
+22675427666
+22665040286
+22674459417
+22654986736
+22655554804
+22655477119
+22675891100
+22666508023
+22666378931
+22667558611
+22665799987
+22674659474
+22666655831
+22675914518
+22657408601
+22676769985
+22667542905
+22674617168
+22664346324
+22677446993
+22665093274
+22665210598
+22667830261
+22656880656
+22667450992
+22656218293
+22674072459
+22666408318
+22606536166
+22666794770
+22665355176
+22664261563
+22667790909
+22607530526
+22664003981
+22666421879
+22607230110
+22666427036
+22657413758
+22666158118
+22656973153
+22675283164
+22675727245
+22675430563
+22674315716
+22607134130
+22665825006
+22655771686
+22664456061
+22655120450
+22665125308
+22667718452
+22654511649
+22674906037
+22666974117
+22677569049
+22665210931
+22664482108
+22676284350
+22666761331
+22666466013
+22657808407
+22605171199
+22666056002
+22665467722
+22605681419
+22677422216
+22666657062
+22664697674
+22666393244
+22674021182
+22675571833
+22677911174
+22655381842
+22667167792
+22657838361
+22674889283
+22677198660
+22664181450
+22657036760
+22677628922
+22607960560
+22605793811
+22667246487
+22664781216
+22666234775
+22677684881
+22654709997
+22674312466
+22667100755
+22664285499
+22664264178
+22666508085
+22666865519
+22607901650
+22655706264
+22657987992
+22674013182
+22656571629
+22667510027
+22667921802
+22656936399
+22675551353
+22667182838
+22657995291
+22606022883
+22675884236
+22657456509
+22665149381
+22665825160
+22655859651
+22677010447
+22674624774
+22674489440
+22667563140
+22605931288
+22666758923
+22667773604
+22675694829
+22654367186
+22665342660
+22664301196
+22667651647
+22656757447
+22657755700
+22666375868
+22676975781
+22606079470
+22666738452
+22664247993
+22655587563
+22657884000
+22654841869
+22666492453
+22664098800
+22657209423
+22665888280
+22664766682
+22654768553
+22665486274
+22667836256
+22666843807
+22656811282
+22607668973
+22674191792
+22607975712
+22667074190
+22667133659
+22676451608
+22667653221
+22677892572
+22605871373
+22664896086
+22676173771
+22656239274
+22656017623
+22664242163
+22656303066
+22654112142
+22607782580
+22657785476
+22665874802
+22677394717
+22675293063
+22677487590
+22664637634
+22606695181
+22607172349
+22654864404
+22664149533
+22674233456
+22654304375
+22657990452
+22667353337
+22654799901
+22607508560
+22665934135
+22667744579
+22677473174
+22655244983
+22667003831
+22676765644
+22677498728
+22666991678
+22654373070
+22677651911
+22665528707
+22657577344
+22674131052
+22657325379
+22654435443
+22664121265
+22666407692
+22667189488
+22657211545
+22677580780
+22664875104
+22666263760
+22664609006
+22607409674
+22664715277
+22664723695
+22657118768
+22657627040
+22606118789
+22665378386
+22664292699
+22674629966
+22657128152
+22656076888
+22657297680
+22666746783
+22605389623
+22667093823
+22667528441
+22666905634
+22666309273
+22666398939
+22677754415
+22656518742
+22677199746
+22667902827
+22656145821
+22606354291
+22654110639
+22605297019
+22667650069
+22664294849
+22677790872
+22665482677
+22664213541
+22677840715
+22675940653
+22677012075
+22655867329
+22675650672
+22666533397
+22665612350
+22667789649
+22657733459
+22667175313
+22676963830
+22667251063
+22666619019
+22675285745
+22676913284
+22605041245
+22674012799
+22677908755
+22607721971
+22665236592
+22667715770
+22657340154
+22657411325
+22666975932
+22656619531
+22666752874
+22667650033
+22607386523
+22664196065
+22657682375
+22675674232
+22675702351
+22657841428
+22657226770
+22676943509
+22654280695
+22666155283
+22656377197
+22656956250
+22656449057
+22677775168
+22666525847
+22654029304
+22656166871
+22667066249
+22644697075
+22656372333
+22656221329
+22675066469
+22654449789
+22656227504
+22654814742
+22656451931
+22657276524
+22666315246
+22656390458
+22664820557
+22674209519
+22665477106
+22667235028
+22666871842
+22667845016
+22666922935
+22674560536
+22665413357
+22657582067
+22607682201
+22667487041
+22664713679
+22654731889
+22675932596
+22655707144
+22677111627
+22666996176
+22675197819
+22654056044
+22667950549
+22677638109
+22677042147
+22654728507
+22607294240
+22667518991
+22665084175
+22607918333
+22664091148
+22676307311
+22666544897
+22665996722
+22655559290
+22675834462
+22677960761
+22677959509
+22654055943
+22666394772
+22654566644
+22655722652
+22656134538
+22657583118
+22664659404
+22666091205
+22665813641
+22676971629
+22606611145
+22664099935
+22667441501
+22654583983
+22655761237
+22677045252
+22656419779
+22656740873
+22666827963
+22607516594
+22667314900
+22664703503
+22677576987
+22655309368
+22665158177
+22667807574
+22657221843
+22667946446
+22677106192
+22657188730
+22665938157
+22674261917
+22655658057
+22676109035
+22606849747
+22664016419
+22657078820
+22665064136
+22665469339
+22667662479
+22675114130
+22656600938
+22607088356
+22665926209
+22664537436
+22666976622
+22606754270
+22667584190
+22666488013
+22665448463
+22655655782
+22676144984
+22664330383
+22607632305
+22667177249
+22665718768
+22677389816
+22654069093
+22667076178
+22657458150
+22674979921
+22674112093
+22677404913
+22667425500
+22667894893
+22677694312
+22666897768
+22657030114
+22657705071
+22654668068
+22606552975
+22667346762
+22677415501
+22664510030
+22655272759
+22675854648
+22606876646
+22676102463
+22664634367
+22675490019
+22665230819
+22605997387
+22664903130
+22665320320
+22674417674
+22657984391
+22675198102
+22654565314
+22607549426
+22606591759
+22666394143
+22657715090
+22674038537
+22656184985
+22664066732
+22674793132
+22664165812
+22657351834
+22677654220
+22675602923
+22666832294
+22666654903
+22676973579
+22674233315
+22664591190
+22607431214
+22666910575
+22657882931
+22665344143
+22656098435
+22654703535
+22655553813
+22654126228
+22607012393
+22655557600
+22654086443
+22656146500
+22667876684
+22655415418
+22607716535
+22676091731
+22675677690
+22654186419
+22657379972
+22667759203
+22666591768
+22674615386
+22666495608
+22667310105
+22664844272
+22606423126
+22674709731
+22675197911
+22655230899
+22656346818
+22667909124
+22674877580
+22607825949
+22675267019
+22677885019
+22664951583
+22677348405
+22675683593
+22655448622
+22676385456
+22675333966
+22677959215
+22667728540
+22655170818
+22676978379
+22665470999
+22657884892
+22656016256
+22656840262
+22674284081
+22606706255
+22655145241
+22675740369
+22667466931
+22664005056
+22654849140
+22664456806
+22606654930
+22657427434
+22665698317
+22677152079
+22675657932
+22666543360
+22655188236
+22656573887
+22676976438
+22675298756
+22665668428
+22674641295
+22657591663
+22677972150
+22677494047
+22657578088
+22677585030
+22677513373
+22606489118
+22667387625
+22677536742
+22656586927
+22656504805
+22675705035
+22655012888
+22667772395
+22675989723
+22657708054
+22657115798
+22657356704
+22664937939
+22667852598
+22655622926
+22677531890
+22664341536
+22674084250
+22656853488
+22675421614
+22667504745
+22657311100
+22665242555
+22676766544
+22675539996
+22654982021
+22677211614
+22675279114
+22656250926
+22667778160
+22655016195
+22674800540
+22675648007
+22667612648
+22677989478
+22677806244
+22605429932
+22607894375
+22664531299
+22675474002
+22676183900
+22667441785
+22677411840
+22664000916
+22677190859
+22606299078
+22657444768
+22655510714
+22676926096
+22677238240
+22677751096
+22665858587
+22666694300
+22677010961
+22667632648
+22606053956
+22605156373
+22657216733
+22675289583
+22665728412
+22664842850
+22665508796
+22677279994
+22674349299
+22606310532
+22664199923
+22667824080
+22657334848
+22665375170
+22675931072
+22675927377
+22674763811
+22677896619
+22654690710
+22654154595
+22675045402
+22655354427
+22664369702
+22674471621
+22657277603
+22664411519
+22677649339
+22656215624
+22677418717
+22667461334
+22655546393
+22664528146
+22677636802
+22657278272
+22664601799
+22677545198
+22665605478
+22665053915
+22677826437
+22607275349
+22656986222
+22666659505
+22655796176
+22677001940
+22677465485
+22667072551
+22667646350
+22607087543
+22655355785
+22656819334
+22666854829
+22677259888
+22665318968
+22654736804
+22666221107
+22655819657
+22666976692
+22677448969
+22674985187
+22664401239
+22657710571
+22677742885
+22607942877
+22667255654
+22665206640
+22656424620
+22657087712
+22675475143
+22666110256
+22605864549
+22665950623
+22677196486
+22657021589
+22664735162
+22654796038
+22605028512
+22666698510
+22677979644
+22605271626
+22674652325
+22655565456
+22655935937
+22656807195
+22674859066
+22657262641
+22666729136
+22606449939
+22606739624
+22665521821
+22676702931
+22656588562
+22676818401
+22677692925
+22675948823
+22665204422
+22606808441
+22677694493
+22664600117
+22675863474
+22607840815
+22664917302
+22665527023
+22666759438
+22656577705
+22657989663
+22666452988
+22677578399
+22657002524
+22655830298
+22657739801
+22674924858
+22674968383
+22677811955
+22654853519
+22607527587
+22677934595
+22667027223
+22675657276
+22667737215
+22674360875
+22656910199
+22664567249
+22677378777
+22654024495
+22656147587
+22606797019
+22657670240
+22654563945
+22654480491
+22674755782
+22666159070
+22667403305
+22664388879
+22674388993
+22676809566
+22677406916
+22664235364
+22605769657
+22675951908
+22667902480
+22676807459
+22667963363
+22674794146
+22665327630
+22677281224
+22667791071
+22656079144
+22664263758
+22674828148
+22667682385
+22657881934
+22656998727
+22655222904
+22655050853
+22657755119
+22654409504
+22654561336
+22666635009
+22675726515
+22607622122
+22664772338
+22657291978
+22657223835
+22665395848
+22656184188
+22674821644
+22656014524
+22657344468
+22657683541
+22657722630
+22665003420
+22665111772
+22667405478
+22677654507
+22664247092
+22657385881
+22674930531
+22666410622
+22657103829
+22664870389
+22655456425
+22665362960
+22666036121
+22657913927
+22675746047
+22667184770
+22674328300
+22607537032
+22667837601
+22606548924
+22667289045
+22664168545
+22656113628
+22675996722
+22666630837
+22656888025
+22675435979
+22667587402
+22657345766
+22677412826
+22656521507
+22674725694
+22656449044
+22674824816
+22674586763
+22656845116
+22674873515
+22606962588
+22677301664
+22674464408
+22667417167
+22664423477
+22666110447
+22665446773
+22664485978
+22664105324
+22655559834
+22674074313
+22674343216
+22667823015
+22656169150
+22664460895
+22674515732
+22666531089
+22655645927
+22607611908
+22666729762
+22664458814
+22657814075
+22664194041
+22677991801
+22665137693
+22656842664
+22665477561
+22667132702
+22654859525
+22654129547
+22667851562
+22674548840
+22675367738
+22675496486
+22657160274
+22607274490
+22675210426
+22675145735
+22677451027
+22675071970
+22654661596
+22664074074
+22675883163
+22655372147
+22677487174
+22655484706
+22657150373
+22667546760
+22677045618
+22656362660
+22655881719
+22675136094
+22674327336
+22664070175
+22656123514
+22676825172
+22677594471
+22666892878
+22606427807
+22654467041
+22654419907
+22657763789
+22657266950
+22664993425
+22665364511
+22674095303
+22677898574
+22674627134
+22665063557
+22654901831
+22606466756
+22667120515
+22657913382
+22607427201
+22664184953
+22667525920
+22674963813
+22664990133
+22664096957
+22664768947
+22676302788
+22674336229
+22667670805
+22664401018
+22675185667
+22674985714
+22677232402
+22674237498
+22654658480
+22655406344
+22666619935
+22675711557
+22667754746
+22657165355
+22677105223
+22664560523
+22674112875
+22655475504
+22665631698
+22666300533
+22665128239
+22664005759
+22606058289
+22675985430
+22605412405
+22677772459
+22674227248
+22675858773
+22655507490
+22654064220
+22655100112
+22655210316
+22655366019
+22664868186
+22607769667
+22667632387
+22667967229
+22675964045
+22666505816
+22667260350
+22666354190
+22667712050
+22664630700
+22677647425
+22656667288
+22656062018
+22667662335
+22654918425
+22666447745
+22657890115
+22674758410
+22674064809
+22675045027
+22607544307
+22665658640
+22666872774
+22677773492
+22667780787
+22665489511
+22674156275
+22667812065
+22674356909
+22677955254
+22665182254
+22655708595
+22656250929
+22665848360
+22666176571
+22664222478
+22675790420
+22674817132
+22677352000
+22664770028
+22656667007
+22665281054
+22657684000
+22674860500
+22654935332
+22654048669
+22677366043
+22664781518
+22667558792
+22674215962
+22657862271
+22674142496
+22667852588
+22655714870
+22656700209
+22667393546
+22654436625
+22654664144
+22665746997
+22655600929
+22606458693
+22675105163
+22605534777
+22666586344
+22665767959
+22674322593
+22656188534
+22677048950
+22666911162
+22605904409
+22674978533
+22675553047
+22677899542
+22674838456
+22666986795
+22666615605
+22665361311
+22674455074
+22677222138
+22606719737
+22675590820
+22607632457
+22655640282
+22674574920
+22654856704
+22657068638
+22675391506
+22675328696
+22607379634
+22667574989
+22657842383
+22665716720
+22605797973
+22666670903
+22654245347
+22677061905
+22664036152
+22657426470
+22654076096
+22666770368
+22664112082
+22677897821
+22664713988
+22656922040
+22674296792
+22674922013
+22665549295
+22657331767
+22655059268
+22657553576
+22654587228
+22606816221
+22674370823
+22657351628
+22674719519
+22676523140
+22677035417
+22666772933
+22654365060
+22675924545
+22665540910
+22664463128
+22654528699
+22666156180
+22666991304
+22656677758
+22665974283
+22656589906
+22655328292
+22675385212
+22676811980
+22665985716
+22607484523
+22674862684
+22674145411
+22666144635
+22657925526
+22667731134
+22607614446
+22655172627
+22676508457
+22664345044
+22654302098
+22656216867
+22666650586
+22654321939
+22676258713
+22665647057
+22667254750
+22657691593
+22675395427
+22674126804
+22675760617
+22677724564
+22666790180
+22677450396
+22655786783
+22676179048
+22677518882
+22674342072
+22676694073
+22675101429
+22657783200
+22677439757
+22607634349
+22664536532
+22675118395
+22607308515
+22674724449
+22664224354
+22654949867
+22674480928
+22657992211
+22675998018
+22674081756
+22677552900
+22664359838
+22665414426
+22677616731
+22664586272
+22676019599
+22656020834
+22677553422
+22657632687
+22656437260
+22675826910
+22676305702
+22664191449
+22656650201
+22666163910
+22677238183
+22655191185
+22655452073
+22665461113
+22665991102
+22655433803
+22664420884
+22666324287
+22605428789
+22675185592
+22664224021
+22667773480
+22656009066
+22654323337
+22664585803
+22656561802
+22665088024
+22655718300
+22666337993
+22675205698
+22674600667
+22665002757
+22675090668
+22666248180
+22677677200
+22654505985
+22657950144
+22674624046
+22606617033
+22665467261
+22665170206
+22657482684
+22676951704
+22656138466
+22656111088
+22667919970
+22677344519
+22657925743
+22676207595
+22677670950
+22657562297
+22665842420
+22667436493
+22655157770
+22664486027
+22677958106
+22606406736
+22654937623
+22657523870
+22666181191
+22665278838
+22665349223
+22666117769
+22607160604
+22675501419
+22675617837
+22607451971
+22674598044
+22655966187
+22675888085
+22664534204
+22606737321
+22677575265
+22657284871
+22654798430
+22667572464
+22664020516
+22664300077
+22656477859
+22674094919
+22666038019
+22655856425
+22667523900
+22655598693
+22654557481
+22657074355
+22676709308
+22656741130
+22674886614
+22676721027
+22657856127
+22677148829
+22666494214
+22665176108
+22657288011
+22655857552
+22666182147
+22674958546
+22675883461
+22664603514
+22605616113
+22654743522
+22657976084
+22676870372
+22674505023
+22655253410
+22664549244
+22665023858
+22667882687
+22667393743
+22607128266
+22657556253
+22665160951
+22667563220
+22675736234
+22665225897
+22654110174
+22655743222
+22666123055
+22677326774
+22657127198
+22675381511
+22675819932
+22677074520
+22677990481
+22655065893
+22607699435
+22675736644
+22675192804
+22654679625
+22676865068
+22667829531
+22655721775
+22655441173
+22677069520
+22656655064
+22674593960
+22676791806
+22675281133
+22657762259
+22606576981
+22674997568
+22657229082
+22664725533
+22664549353
+22667320456
+22677075484
+22665371752
+22667422556
+22665317591
+22606531042
+22667806444
+22677813782
+22664804910
+22655855891
+22677528741
+22667957557
+22666067071
+22674647220
+22605614734
+22664597691
+22656851779
+22677338953
+22655824566
+22677342545
+22665138565
+22657100219
+22665707769
+22656699096
+22654282747
+22677732040
+22674269266
+22654794482
+22676323837
+22676210693
+22674627540
+22655744571
+22664739572
+22654234780
+22664383030
+22606937842
+22657746953
+22657385028
+22605996950
+22664210829
+22657125898
+22657844006
+22605800947
+22665428888
+22676765281
+22664219927
+22665836543
+22657161374
+22657172341
+22666769198
+22655563565
+22667172784
+22666007195
+22667470597
+22674153250
+22674332850
+22606192340
+22656151963
+22677706056
+22666734536
+22667724817
+22656155176
+22664510314
+22607181230
+22606812238
+22677278577
+22656272729
+22665089682
+22655549368
+22666406369
+22667196920
+22654489863
+22655247066
+22674134867
+22656418226
+22607051582
+22667204264
+22666296182
+22664003648
+22656689648
+22664779369
+22656951616
+22665604960
+22667187737
+22677711110
+22657608771
+22656740865
+22677037217
+22655392427
+22667096687
+22655765309
+22677174888
+22667486619
+22657788171
+22654888161
+22605913875
+22656277042
+22665408321
+22655076942
+22657230953
+22677869104
+22664646025
+22655138669
+22657235695
+22667212639
+22657927766
+22675564488
+22665582097
+22607106619
+22665716200
+22655608003
+22657499715
+22606903266
+22605522597
+22674266890
+22677790093
+22657760162
+22606637391
+22664213723
+22674919360
+22605983801
+22607056285
+22654292539
+22656000341
+22605389725
+22606996386
+22664803351
+22657240465
+22674419590
+22664399081
+22666997632
+22656122437
+22676614687
+22677859286
+22655976986
+22674080429
+22654746180
+22666912832
+22667250592
+22664254887
+22606477594
+22656160030
+22666556204
+22674282897
+22667003028
+22605725354
+22606012414
+22666398067
+22606605600
+22677723730
+22675742971
+22666951831
+22665470523
+22677260640
+22665808962
+22677383869
+22677931787
+22656850909
+22665592658
+22654802740
+22656391542
+22606814971
+22657289246
+22677807347
+22655070292
+22667950816
+22675344574
+22654129514
+22677222587
+22677099222
+22676357747
+22664637465
+22606594542
+22664818144
+22654743333
+22605420632
+22677639991
+22674932268
+22677116253
+22674490638
+22605863911
+22665963793
+22665087839
+22606049710
+22655023043
+22657516669
+22667533188
+22677487323
+22675867566
+22655095743
+22675208569
+22677172752
+22667836902
+22667949064
+22677356665
+22664818823
+22665566555
+22675315177
+22675578694
+22607552438
+22656596162
+22605006716
+22656374134
+22606876642
+22674877209
+22677910474
+22664703070
+22675693000
+22666857305
+22656363246
+22677730625
+22677385577
+22655104845
+22654884027
+22655240084
+22666855372
+22674088289
+22666007236
+22657026029
+22664812834
+22674894916
+22664962485
+22677842803
+22665241892
+22667877796
+22664505875
+22656637937
+22606370885
+22654043118
+22674961193
+22664644178
+22675093061
+22655021389
+22677772002
+22675485997
+22606570859
+22656766385
+22674688830
+22606138609
+22675428643
+22677827272
+22675843849
+22655694171
+22677202321
+22674145046
+22655908261
+22664568538
+22677398812
+22666281456
+22666169068
+22677634318
+22665466963
+22606448076
+22656745016
+22656597382
+22667486429
+22606954960
+22654317295
+22674281955
+22667114440
+22667111741
+22665169927
+22657495290
+22677615306
+22654311568
+22675607755
+22656304022
+22677257908
+22664076528
+22657555474
+22607435414
+22667052015
+22674855444
+22677157673
+22664397836
+22667197158
+22677393873
+22656657465
+22664581856
+22677450053
+22667293033
+22667169621
+22654935142
+22654412241
+22605951586
+22675285253
+22654028024
+22667239150
+22657846191
+22674698990
+22664655016
+22657671259
+22605037120
+22677751202
+22675472757
+22667787897
+22666663792
+22656389650
+22674510194
+22667788814
+22657368368
+22677280910
+22677037691
+22655738571
+22666442745
+22675681360
+22677532715
+22674577091
+22666953205
+22665674178
+22664538941
+22665620122
+22664806181
+22664633345
+22665195409
+22677043393
+22676015368
+22667697147
+22606132639
+22674724721
+22667895260
+22655429640
+22665693319
+22666473429
+22605730029
+22676113850
+22665380568
+22677465133
+22657649193
+22676750165
+22675283938
+22607030993
+22677067536
+22655471700
+22677751654
+22665938130
+22667603655
+22667841879
+22676371366
+22606467591
+22665467238
+22665722540
+22657441664
+22665128208
+22675051214
+22656120443
+22666170345
+22667616495
+22676555457
+22656443936
+22666011198
+22677765406
+22605972686
+22667718260
+22656486474
+22666306560
+22665260758
+22664409419
+22664976645
+22655059623
+22677982715
+22666443325
+22605047415
+22656759959
+22676308774
+22607271215
+22664844470
+22664116385
+22655619527
+22657793726
+22676619972
+22664491243
+22657422471
+22675143076
+22657400729
+22677875288
+22666364388
+22664078965
+22657447106
+22674342948
+22656125068
+22664355160
+22654339271
+22674463890
+22665616552
+22657406348
+22665804774
+22654848780
+22656747212
+22667069777
+22667409990
+22606471574
+22676828698
+22666606010
+22657270194
+22654522068
+22674706955
+22656933405
+22607864449
+22654990193
+22606566945
+22664891121
+22666734388
+22657005129
+22665407143
+22664356806
+22676101999
+22677561213
+22675989598
+22666330824
+22606586297
+22666032006
+22664390468
+22675246368
+22676470677
+22607019948
+22676897041
+22664316030
+22666062173
+22605616124
+22674319260
+22666693288
+22655913742
+22665926853
+22666953230
+22675564617
+22675752916
+22677389636
+22656255184
+22657405666
+22665678866
+22654854280
+22677518076
+22606943976
+22605041144
+22674182095
+22666618399
+22607990231
+22607042522
+22664755916
+22655258725
+22657827921
+22655719487
+22666927096
+22665443996
+22677408734
+22667838921
+22674295938
+22676109209
+22606041499
+22666277519
+22674666706
+22675945662
+22677412260
+22656549167
+22654620987
+22656724014
+22655065281
+22667896482
+22677991062
+22605234435
+22675948357
+22664611301
+22607484362
+22675523752
+22656006527
+22607882613
+22665600363
+22657946602
+22655303162
+22674752386
+22674017026
+22654277856
+22656399414
+22675623848
+22666567151
+22666256664
+22654075691
+22656634215
+22664771541
+22664580542
+22664063777
+22607471798
+22674807054
+22666292393
+22677745593
+22655555761
+22675875685
+22677074517
+22664995053
+22667240883
+22674395869
+22677598423
+22666838232
+22657475612
+22664799543
+22665176843
+22677215761
+22656053826
+22677540962
+22656225522
+22676651792
+22667425985
+22665756701
+22654754849
+22657977705
+22667714841
+22607253700
+22656431100
+22607683240
+22665118844
+22676859323
+22654741532
+22677840759
+22674094006
+22664319768
+22666267348
+22654694904
+22667434605
+22655193112
+22677084076
+22677309974
+22656450895
+22675518092
+22654336635
+22674736189
+22675513273
+22657289514
+22654993231
+22654366106
+22667432583
+22657571884
+22667806373
+22666260972
+22664976717
+22665652524
+22674355351
+22667073752
+22674580370
+22667677797
+22674572752
+22654845468
+22664240121
+22664757073
+22677317507
+22666456369
+22677211572
+22664357119
+22667737638
+22666919016
+22674301858
+22665572753
+22677893974
+22654873656
+22667393752
+22677614802
+22607280675
+22665557896
+22657250604
+22665347822
+22674207227
+22665896945
+22666419126
+22675089110
+22607295631
+22656596064
+22664157312
+22666392216
+22664393913
+22667459066
+22606939228
+22664795185
+22656120330
+22665431845
+22675629911
+22665576280
+22675571852
+22674575829
+22677051592
+22657408596
+22656029361
